       4604.9713
       4607.2041
       4609.4316
       4611.6536
       4613.8703
       4616.0816
       4618.2875
       4620.4881
       4622.6832
       4624.8731
       4627.0575
       4629.2366
       4631.4103
       4633.5786
       4635.7416
       4637.8992
       4640.0515
       4642.1984
       4644.3400
       4646.4762
       4648.6071
       4650.7326
       4652.8528
       4654.9677
       4657.0772
       4659.1813
       4661.2802
       4663.3737
       4665.4619
       4667.5447
       4669.6222
       4671.6945
       4673.7613
       4675.8229
       4677.8792
       4679.9301
       4681.9758
       4684.0161
       4686.0511
       4688.0809
       4690.1053
       4692.1244
       4694.1382
       4696.1468
       4698.1500
       4700.1480
       4702.1407
       4704.1281
       4706.1102
       4708.0871
       4710.0587
       4712.0250
       4713.9860
       4715.9418
       4717.8923
       4719.8375
       4721.7775
       4723.7123
       4725.6418
       4727.5660
       4729.4850
       4731.3988
       4733.3073
       4735.2106
       4737.1086
       4739.0014
       4740.8890
       4742.7714
       4744.6485
       4746.5204
       4748.3871
       4750.2486
       4752.1049
       4753.9560
       4755.8018
       4757.6425
       4759.4780
       4761.3082
       4763.1333
       4764.9532
       4766.7679
       4768.5775
       4770.3818
       4772.1810
       4773.9750
       4775.7638
       4777.5475
       4779.3260
       4781.0993
       4782.8675
       4784.6305
       4786.3884
       4788.1411
       4789.8887
       4791.6311
       4793.3684
       4795.1006
       4796.8276
       4798.5496
       4800.2663
       4801.9780
       4803.6846
       4805.3860
       4807.0823
       4808.7735
       4810.4597
       4812.1407
       4813.8166
       4815.4874
       4817.1532
       4818.8138
       4820.4694
       4822.1199
       4823.7653
       4825.4056
       4827.0409
       4828.6711
       4830.2962
       4831.9163
       4833.5313
       4835.1413
       4836.7462
       4838.3461
       4839.9410
       4841.5308
       4843.1156
       4844.6953
       4846.2700
       4847.8398
       4849.4044
       4850.9641
       4852.5188
       4854.0684
       4855.6131
       4857.1527
       4858.6874
       4860.2170
       4861.7417
       4863.2614
       4864.7761
       4866.2858
       4867.7906
       4869.2904
       4870.7852
       4872.2751
       4873.7600
       4875.2399
       4876.7149
       4878.1850
       4879.6501
       4881.1103
       4882.5655
       4884.0158
       4885.4612
       4886.9017
       4888.3372
       4889.7678
       4891.1936
       4892.6144
       4894.0303
       4895.4413
       4896.8474
       4898.2486
       4899.6450
       4901.0364
       4902.4230
       4903.8047
       4905.1815
       4906.5535
       4907.9206
       4909.2829
       4910.6403
       4911.9928
       4913.3405
       4914.6833
       4916.0214
       4917.3545
       4918.6829
       4920.0064
       4921.3251
       4922.6390
       4923.9481
       4925.2524
       4926.5518
       4927.8465
       4929.1364
       4930.4214
       4931.7017
       4932.9772
       4934.2480
       4935.5139
       4936.7751
       4938.0315
       4939.2832
       4940.5301
       4941.7722
       4943.0096
       4944.2422
       4945.4701
       4946.6933
       4947.9117
       4949.1254
       4950.3344
       4951.5387
       4952.7382
       4953.9331
       4955.1232
       4956.3087
       4957.4894
       4958.6654
       4959.8368
       4961.0035
       4962.1654
       4963.3228
       4964.4754
       4965.6234
       4966.7667
       4967.9053
       4969.0394
       4970.1687
       4971.2934
       4972.4135
       4973.5289
       4974.6397
       4975.7459
       4976.8475
       4977.9444
       4979.0367
       4980.1244
       4981.2075
       4982.2860
       4983.3600
       4984.4293
       4985.4940
       4986.5542
       4987.6098
       4988.6608
       4989.7072
       4990.7491
       4991.7864
       4992.8192
       4993.8474
       4994.8710
       4995.8902
       4996.9047
       4997.9148
       4998.9203
       4999.9213
       5000.9178
       5001.9098
       5002.8973
       5003.8802
       5004.8587
       5005.8327
       5006.8022
       5007.7672
       5008.7277
       5009.6837
       5010.6353
       5011.5824
       5012.5250
       5013.4632
       5014.3969
       5015.3262
       5016.2510
       5017.1714
       5018.0874
       5018.9989
       5019.9060
       5020.8087
       5021.7070
       5022.6009
       5023.4903
       5024.3754
       5025.2560
       5026.1323
       5027.0042
       5027.8717
       5028.7348
       5029.5935
       5030.4479
       5031.2979
       5032.1436
       5032.9849
       5033.8218
       5034.6544
       5035.4827
       5036.3066
       5037.1263
       5037.9415
       5038.7525
       5039.5591
       5040.3615
       5041.1595
       5041.9532
       5042.7426
       5043.5278
       5044.3086
       5045.0852
       5045.8575
       5046.6255
       5047.3892
       5048.1487
       5048.9039
       5049.6549
       5050.4016
       5051.1441
       5051.8823
       5052.6163
       5053.3461
       5054.0717
       5054.7930
       5055.5101
       5056.2230
       5056.9317
       5057.6362
       5058.3365
       5059.0326
       5059.7246
       5060.4123
       5061.0959
       5061.7753
       5062.4505
       5063.1216
       5063.7885
       5064.4513
       5065.1099
       5065.7644
       5066.4147
       5067.0609
       5067.7030
       5068.3410
       5068.9748
       5069.6046
       5070.2302
       5070.8517
       5071.4691
       5072.0824
       5072.6917
       5073.2968
       5073.8979
       5074.4949
       5075.0879
       5075.6767
       5076.2616
       5076.8423
       5077.4190
       5077.9917
       5078.5603
       5079.1249
       5079.6855
       5080.2420
       5080.7946
       5081.3431
       5081.8876
       5082.4281
       5082.9646
       5083.4971
       5084.0256
       5084.5501
       5085.0706
       5085.5872
       5086.0998
       5086.6084
       5087.1131
       5087.6138
       5088.1106
       5088.6034
       5089.0923
       5089.5773
       5090.0583
       5090.5354
       5091.0086
       5091.4778
       5091.9432
       5092.4046
       5092.8622
       5093.3158
       5093.7656
       5094.2114
       5094.6534
       5095.0915
       5095.5258
       5095.9562
       5096.3827
       5096.8053
       5097.2242
       5097.6391
       5098.0502
       5098.4575
       5098.8610
       5099.2606
       5099.6564
       5100.0484
       5100.4366
       5100.8210
       5101.2015
       5101.5783
       5101.9513
       5102.3205
       5102.6859
       5103.0475
       5103.4054
       5103.7595
       5104.1098
       5104.4564
       5104.7993
       5105.1383
       5105.4737
       5105.8053
       5106.1332
       5106.4573
       5106.7777
       5107.0944
       5107.4074
       5107.7167
       5108.0223
       5108.3242
       5108.6224
       5108.9169
       5109.2077
       5109.4949
       5109.7784
       5110.0582
       5110.3343
       5110.6068
       5110.8757
       5111.1409
       5111.4024
       5111.6603
       5111.9146
       5112.1653
       5112.4123
       5112.6557
       5112.8955
       5113.1317
       5113.3643
       5113.5933
       5113.8187
       5114.0405
       5114.2587
       5114.4734
       5114.6844
       5114.8919
       5115.0959
       5115.2963
       5115.4931
       5115.6864
       5115.8761
       5116.0623
       5116.2450
       5116.4242
       5116.5998
       5116.7719
       5116.9405
       5117.1055
       5117.2671
       5117.4252
       5117.5798
       5117.7309
       5117.8785
       5118.0226
       5118.1633
       5118.3005
       5118.4342
       5118.5645
       5118.6913
       5118.8146
       5118.9346
       5119.0510
       5119.1641
       5119.2737
       5119.3799
       5119.4826
       5119.5820
       5119.6779
       5119.7705
       5119.8596
       5119.9454
       5120.0277
       5120.1067
       5120.1823
       5120.2545
       5120.3234
       5120.3888
       5120.4509
       5120.5097
       5120.5651
       5120.6172
       5120.6659
       5120.7113
       5120.7534
       5120.7921
       5120.8275
       5120.8596
       5120.8884
       5120.9139
       5120.9360
       5120.9549
       5120.9705
       5120.9828
       5120.9918
       5120.9975
       5121.0000
       5120.9992
       5120.9951
       5120.9878
       5120.9772
       5120.9634
       5120.9463
       5120.9260
       5120.9025
       5120.8757
       5120.8457
       5120.8125
       5120.7761
       5120.7365
       5120.6936
       5120.6476
       5120.5984
       5120.5459
       5120.4903
       5120.4315
       5120.3696
       5120.3045
       5120.2362
       5120.1647
       5120.0901
       5120.0123
       5119.9314
       5119.8474
       5119.7602
       5119.6698
       5119.5764
       5119.4798
       5119.3801
       5119.2773
       5119.1714
       5119.0624
       5118.9503
       5118.8351
       5118.7168
       5118.5955
       5118.4710
       5118.3435
       5118.2129
       5118.0792
       5117.9425
       5117.8027
       5117.6599
       5117.5140
       5117.3651
       5117.2132
       5117.0582
       5116.9002
       5116.7392
       5116.5752
       5116.4081
       5116.2380
       5116.0650
       5115.8889
       5115.7099
       5115.5278
       5115.3428
       5115.1548
       5114.9638
       5114.7699
       5114.5730
       5114.3731
       5114.1703
       5113.9645
       5113.7558
       5113.5442
       5113.3296
       5113.1120
       5112.8916
       5112.6682
       5112.4419
       5112.2127
       5111.9806
       5111.7456
       5111.5077
       5111.2669
       5111.0232
       5110.7766
       5110.5272
       5110.2748
       5110.0196
       5109.7616
       5109.5007
       5109.2369
       5108.9702
       5108.7008
       5108.4284
       5108.1533
       5107.8753
       5107.5945
       5107.3108
       5107.0244
       5106.7351
       5106.4430
       5106.1481
       5105.8504
       5105.5499
       5105.2467
       5104.9406
       5104.6318
       5104.3201
       5104.0057
       5103.6886
       5103.3687
       5103.0460
       5102.7206
       5102.3924
       5102.0614
       5101.7278
       5101.3914
       5101.0522
       5100.7104
       5100.3658
       5100.0185
       5099.6685
       5099.3158
       5098.9603
       5098.6022
       5098.2414
       5097.8779
       5097.5117
       5097.1428
       5096.7713
       5096.3971
       5096.0202
       5095.6407
       5095.2584
       5094.8736
       5094.4861
       5094.0959
       5093.7031
       5093.3077
       5092.9097
       5092.5090
       5092.1057
       5091.6998
       5091.2912
       5090.8801
       5090.4664
       5090.0500
       5089.6311
       5089.2096
       5088.7855
       5088.3588
       5087.9295
       5087.4977
       5087.0633
       5086.6263
       5086.1868
       5085.7447
       5085.3000
       5084.8529
       5084.4032
       5083.9509
       5083.4961
       5083.0388
       5082.5790
       5082.1166
       5081.6518
       5081.1844
       5080.7145
       5080.2421
       5079.7672
       5079.2899
       5078.8100
       5078.3277
       5077.8428
       5077.3556
       5076.8658
       5076.3736
       5075.8789
       5075.3817
       5074.8821
       5074.3801
       5073.8756
       5073.3687
       5072.8593
       5072.3475
       5071.8333
       5071.3167
       5070.7976
       5070.2761
       5069.7522
       5069.2260
       5068.6973
       5068.1662
       5067.6327
       5067.0969
       5066.5586
       5066.0180
       5065.4750
       5064.9297
       5064.3819
       5063.8319
       5063.2794
       5062.7246
       5062.1675
       5061.6080
       5061.0462
       5060.4820
       5059.9155
       5059.3467
       5058.7755
       5058.2021
       5057.6263
       5057.0482
       5056.4678
       5055.8851
       5055.3002
       5054.7129
       5054.1233
       5053.5315
       5052.9373
       5052.3409
       5051.7422
       5051.1413
       5050.5381
       5049.9326
       5049.3249
       5048.7149
       5048.1027
       5047.4883
       5046.8716
       5046.2526
       5045.6315
       5045.0081
       5044.3825
       5043.7547
       5043.1246
       5042.4924
       5041.8580
       5041.2213
       5040.5825
       5039.9414
       5039.2982
       5038.6528
       5038.0052
       5037.3555
       5036.7035
       5036.0495
       5035.3932
       5034.7348
       5034.0742
       5033.4115
       5032.7466
       5032.0796
       5031.4105
       5030.7392
       5030.0658
       5029.3902
       5028.7126
       5028.0328
       5027.3509
       5026.6669
       5025.9808
       5025.2926
       5024.6023
       5023.9099
       5023.2154
       5022.5188
       5021.8202
       5021.1195
       5020.4167
       5019.7118
       5019.0049
       5018.2959
       5017.5848
       5016.8717
       5016.1566
       5015.4394
       5014.7201
       5013.9989
       5013.2756
       5012.5502
       5011.8229
       5011.0935
       5010.3621
       5009.6287
       5008.8933
       5008.1558
       5007.4164
       5006.6750
       5005.9316
       5005.1862
       5004.4388
       5003.6894
       5002.9381
       5002.1848
       5001.4295
       5000.6722
       4999.9130
       4999.1518
       4998.3887
       4997.6236
       4996.8566
       4996.0876
       4995.3167
       4994.5439
       4993.7691
       4992.9925
       4992.2138
       4991.4333
       4990.6509
       4989.8665
       4989.0803
       4988.2921
       4987.5020
       4986.7101
       4985.9162
       4985.1205
       4984.3229
       4983.5234
       4982.7220
       4981.9187
       4981.1136
       4980.3066
       4979.4978
       4978.6871
       4977.8745
       4977.0601
       4976.2439
       4975.4258
       4974.6059
       4973.7841
       4972.9605
       4972.1351
       4971.3079
       4970.4788
       4969.6479
       4968.8153
       4967.9808
       4967.1445
       4966.3064
       4965.4665
       4964.6248
       4963.7813
       4962.9361
       4962.0890
       4961.2402
       4960.3896
       4959.5373
       4958.6831
       4957.8273
       4956.9696
       4956.1102
       4955.2490
       4954.3861
       4953.5215
       4952.6551
       4951.7870
       4950.9171
       4950.0455
       4949.1722
       4948.2972
       4947.4204
       4946.5420
       4945.6618
       4944.7799
       4943.8963
       4943.0110
       4942.1240
       4941.2353
       4940.3450
       4939.4529
       4938.5592
       4937.6638
       4936.7667
       4935.8679
       4934.9675
       4934.0654
       4933.1616
       4932.2562
       4931.3492
       4930.4404
       4929.5301
       4928.6181
       4927.7044
       4926.7892
       4925.8723
       4924.9537
       4924.0336
       4923.1118
       4922.1884
       4921.2634
       4920.3367
       4919.4085
       4918.4787
       4917.5472
       4916.6142
       4915.6796
       4914.7434
       4913.8056
       4912.8662
       4911.9252
       4910.9827
       4910.0386
       4909.0929
       4908.1457
       4907.1969
       4906.2465
       4905.2946
       4904.3411
       4903.3861
       4902.4295
       4901.4715
       4900.5118
       4899.5506
       4898.5879
       4897.6237
       4896.6580
       4895.6907
       4894.7219
       4893.7516
       4892.7798
       4891.8065
       4890.8317
       4889.8554
       4888.8776
       4887.8982
       4886.9175
       4885.9352
       4884.9514
       4883.9662
       4882.9794
       4881.9913
       4881.0016
       4880.0105
       4879.0179
       4878.0238
       4877.0283
       4876.0314
       4875.0330
       4874.0331
       4873.0318
       4872.0291
       4871.0249
       4870.0193
       4869.0123
       4868.0039
       4866.9940
       4865.9827
       4864.9700
       4863.9559
       4862.9403
       4861.9234
       4860.9051
       4859.8853
       4858.8642
       4857.8417
       4856.8178
       4855.7925
       4854.7658
       4853.7377
       4852.7083
       4851.6774
       4850.6453
       4849.6117
       4848.5768
       4847.5405
       4846.5029
       4845.4639
       4844.4236
       4843.3819
       4842.3389
       4841.2945
       4840.2488
       4839.2017
       4838.1534
       4837.1037
       4836.0527
       4835.0003
       4833.9466
       4832.8917
       4831.8354
       4830.7778
       4829.7189
       4828.6587
       4827.5971
       4826.5343
       4825.4702
       4824.4048
       4823.3382
       4822.2702
       4821.2010
       4820.1304
       4819.0587
       4817.9856
       4816.9113
       4815.8357
       4814.7588
       4813.6807
       4812.6013
       4811.5207
       4810.4388
       4809.3557
       4808.2713
       4807.1857
       4806.0988
       4805.0108
       4803.9215
       4802.8309
       4801.7392
       4800.6462
       4799.5520
       4798.4565
       4797.3599
       4796.2621
       4795.1630
       4794.0627
       4792.9613
       4791.8586
       4790.7548
       4789.6497
       4788.5435
       4787.4361
       4786.3275
       4785.2177
